.Random.seed <-
c(403L, 12L, -44722280L, 1223923451L, -563454311L, 1139099432L, 
585858518L, -1173151151L, 68974851L, -1066175342L, -1888630236L, 
-198077209L, 551602493L, 1191484852L, 1047519770L, 1773087077L, 
-872048641L, 1726533254L, 488723984L, 1485081779L, 1770424145L, 
950463232L, 600183262L, -2137310679L, -1867580965L, -1394579734L, 
1683948684L, 2012974031L, -1697791099L, -715190212L, 1150083346L, 
1501799949L, 1372501319L, -1312989394L, 1997812360L, 1306776459L, 
1985725289L, 1285963064L, 1693274086L, 1256195969L, 258580243L, 
969713858L, 770474868L, 2053197687L, 1415067757L, -2145413372L, 
1953424938L, -250459243L, -1241747409L, -970061514L, -1531303584L, 
-1010374749L, 1680896193L, 1565671600L, 1773604814L, 1709048633L, 
-36418741L, -1581211398L, -1662182916L, 1035008575L, -2009805035L, 
-1458758612L, -594868990L, 1763651037L, -463786793L, 188823486L, 
1311318520L, 1450382811L, -1275937735L, -165442168L, 1583040822L, 
1762890609L, 296391075L, -815149838L, 1940820036L, -1956576505L, 
-765734179L, -791692332L, -1512703238L, 1810701893L, 1040025247L, 
1736399910L, -854624080L, -2092089005L, -755286927L, -832912992L, 
-1777361602L, -864977847L, 309655803L, -1693323062L, 1795409452L, 
-734193105L, -1231744283L, -1288689764L, 1154781682L, 1476263021L, 
919457191L, 131676110L, 1713411368L, 1822328619L, 500600137L, 
-684256680L, -760927482L, -798980383L, -1963945357L, 167680738L, 
-1246812588L, -2004029609L, 1247167309L, -850123036L, 354739914L, 
-1459165387L, 1958858127L, 777677462L, 2021507648L, -2110438653L, 
1230451489L, -1803389936L, 936268782L, 984425369L, 1080646699L, 
576792858L, 1789463516L, -1076564513L, 1608399285L, 1313838924L, 
1675496866L, -1674928899L, 1762329079L, -543633634L, 216191448L, 
-1624503493L, 71941337L, -1904218008L, -392391274L, -1095226095L, 
-813539645L, 1515142866L, 1721173860L, 1300355751L, -220240899L, 
-75631116L, 1701958362L, 1245234213L, -1864455873L, 398028486L, 
641164112L, -1806992525L, 219106705L, 73551808L, 121604510L, 
-1548414103L, 744515483L, 1028206250L, 2049501388L, 1205598607L, 
-298734139L, -1044221572L, 1831379410L, -1483801267L, 1161199623L, 
-1809534994L, 1073862344L, 1075833291L, 934149161L, -601830792L, 
-1544939610L, -84827711L, 64419411L, 749477122L, 1302703156L, 
-253899337L, -1698471507L, 125313732L, 145143530L, 1937168725L, 
-482103569L, -757625610L, 84163616L, -2133688861L, 833085057L, 
-1660167952L, 1838012302L, 1506388217L, -2126171509L, -1925442886L, 
-1164190276L, 775816959L, -1204204971L, -1140069012L, -1656166974L, 
1354139165L, 884424343L, 569260030L, 1744962488L, 967155611L, 
564512249L, 1756218696L, 1815892086L, -179970639L, -752548893L, 
1558462642L, 104361220L, -1093980601L, 1503205661L, 2140247956L, 
586308410L, -1846777979L, 1860195423L, -1829921050L, 1214375280L, 
468504211L, 842692401L, 1880468960L, 297261694L, 917784841L, 
-1709692101L, 1406296842L, 1756769004L, 1000810351L, -2064119643L, 
-72752548L, 1239110194L, 1961892141L, -667820057L, -261904626L, 
-1040467736L, 1534872299L, -1251916919L, -2050483508L, -229616032L, 
-1423261758L, -1959992536L, 946335148L, 356806972L, 1226284914L, 
1792508208L, -359313628L, 1727702328L, 989534938L, -1140963440L, 
1676022524L, -1456468076L, -1959294910L, -778208000L, 1266805820L, 
-2082902704L, 757602466L, -599378104L, 1862022924L, 734546652L, 
-1395952814L, 973681280L, 1902762068L, -871437336L, -1558661382L, 
1345464656L, 1804337964L, -1845803148L, 762569618L, 1063892576L, 
1384492940L, -1015245984L, 2051622882L, -172703832L, 1597676748L, 
-413168132L, 809446322L, -1258305040L, 1653680580L, -1869258408L, 
1075168634L, 745796016L, 1130385340L, 1458212948L, -219634750L, 
293274656L, -439903044L, 319593040L, 1722187746L, -1001712024L, 
884742732L, -609263364L, -1565216782L, 1210424576L, -1754826892L, 
-683204600L, -823515718L, 1293843920L, -1232878612L, -1843855468L, 
-726582318L, -135448736L, 1073456460L, -1803629280L, -500169854L, 
1933589224L, 646063340L, -1903154628L, 1070533490L, 2104224368L, 
617887780L, 1649149752L, -1088787302L, 458420944L, -1670299460L, 
-1304357228L, 615720578L, -599565120L, -1940721348L, 992653456L, 
-1082578398L, 905143816L, -693649140L, 986419868L, 215133714L, 
379530624L, 466099732L, 140203560L, -1894062790L, 1971734480L, 
1747751532L, -1869437132L, 2105418386L, -274679456L, 1886179660L, 
-881201184L, 1909137314L, 1764767656L, -1248310388L, 603940540L, 
-1875637390L, -1799178000L, -1443604412L, 155098456L, 102061114L, 
87901040L, 761054268L, 83766036L, 589973954L, -691076896L, 844232572L, 
40591056L, 1466533538L, 1366869032L, 1332979980L, -1285229636L, 
1571339570L, -1230954560L, 1422791220L, 672455624L, 334144698L, 
-1737642096L, 908367340L, 781697108L, 53337746L, 525237024L, 
1292373452L, 1417149408L, 581386946L, 420780584L, -1707917652L, 
170431164L, -981601806L, -1164818128L, 1411067044L, -1866554696L, 
-868127910L, 298921360L, 969224572L, -2092970732L, -232183486L, 
-1669012736L, 602069948L, 842455888L, 513319202L, -922067640L, 
482899980L, 1423931484L, 710927570L, -1718728704L, 1507908436L, 
-1688518168L, -1322682374L, 1559246544L, 1947477292L, 1941121268L, 
1786275730L, 111877216L, 429628684L, -1153644832L, 1135541602L, 
199991976L, -1086956980L, 2041599868L, 141830962L, -2119262608L, 
702356804L, 1858976728L, -1386352518L, -1219942864L, 757091004L, 
-834664620L, -2093139390L, 206171040L, 1363290300L, 1176281552L, 
67003746L, 1481348072L, 982489036L, -896280836L, -957476878L, 
126680192L, -1128204044L, -1440795512L, -1062083270L, 13583184L, 
-576639892L, -308518764L, 1888434514L, -101794080L, 1346670796L, 
-640034656L, 1249925506L, -483460888L, 1364400364L, 220960828L, 
-1138810766L, -318691216L, 1958044196L, 1410998840L, 151628314L, 
-379285296L, 1256732220L, 693914772L, 309105794L, 683378624L, 
50900284L, -2036154736L, 2003457058L, -551940088L, 2101296268L, 
-336478180L, -846650222L, -2042311552L, 1765655572L, -444112088L, 
-2144857030L, 706260176L, 620049516L, -1035987276L, -1881153518L, 
1805041632L, -283112500L, -1554006560L, -1086092254L, 785797372L, 
-263926486L, 1670320991L, -2055380247L, -1108088322L, 108082668L, 
-890665667L, 571993351L, 1079086320L, 1768001678L, -179705157L, 
-758103395L, -272230838L, -568632216L, 1724724305L, -1394974909L, 
-2105570748L, -1225881358L, -298928953L, -314913135L, -999714794L, 
1292819060L, 113351941L, 741479247L, -2021524152L, -667373338L, 
1998890515L, 1330624885L, -1702363822L, -708907616L, -734929783L, 
1269771451L, -1202766068L, -318450022L, -1265218545L, -1296021415L, 
-419371794L, -1786585220L, -1545860115L, -242846569L, -182943904L, 
-845138114L, -1235081205L, 840798349L, -2131228230L, 1335011320L, 
1545880481L, 544324947L, 918254708L, 1287104002L, -1728071529L, 
-1833833887L, -865738074L, -1495766364L, 898490197L, 758129663L, 
1114907288L, -1788180554L, 540240963L, 418350469L, 993943074L, 
-412580592L, 1987527865L, -2093889173L, -316938148L, -935819894L, 
1167745407L, 208714953L, -381255330L, -43970036L, -151792163L, 
795036903L, -98133744L, 173590574L, 1347497691L, 17508285L, 2051703082L, 
-1736776248L, -1392370959L, -2128235421L, 948031588L, 194272146L, 
1134743655L, 2053402673L, 1912193398L, 969068180L, -1846999899L, 
1496635823L, -24690072L, 1360730694L, 517906419L, 164708181L, 
-1970577102L, -438663936L, -758999575L, -1785642917L, -175902036L, 
-262976326L, -2046177681L, 153099257L, 1192518286L, 1294177116L, 
2087845837L, -881090761L, 116137408L, 1415250590L, -866247829L, 
633414381L, -386377894L, 1402776600L, -1141950079L, -1276596429L, 
-539900588L, 8761186L, -483482633L, 967150657L, -399357754L, 
-1718782460L, -1172151883L, -320282977L, -2138697992L, 2039386838L, 
-41744541L, -1042825435L, -1298025278L, 36659632L, -875341351L, 
98563915L, -484876868L, 1151774186L, -727344609L, 59469993L, 
407099454L, 2015631660L, 1590121341L, -12252729L, -776926032L, 
-789746994L, 1509056507L, 1840457821L, -94728310L, -2014822488L, 
1641903377L, -845288445L, -12761340L, 1958841138L, -1273869945L, 
